{
 "cells": [
  {
   "cell_type": "markdown",
   "metadata": {},
   "source": [
    "# 고윳값 분해"
   ]
  },
  {
   "cell_type": "code",
   "execution_count": 12,
   "metadata": {},
   "outputs": [],
   "source": [
    "import numpy as np"
   ]
  },
  {
   "cell_type": "code",
   "execution_count": 13,
   "metadata": {},
   "outputs": [],
   "source": [
    "A = np.array([[1,2,3],[2,4,5],[3,5,3]])"
   ]
  },
  {
   "cell_type": "code",
   "execution_count": 15,
   "metadata": {},
   "outputs": [],
   "source": [
    "E, V = np.linalg.eig(A)"
   ]
  },
  {
   "cell_type": "code",
   "execution_count": 17,
   "metadata": {},
   "outputs": [
    {
     "name": "stdout",
     "output_type": "stream",
     "text": [
      "[ 9.90754321  0.05152112 -1.95906434]\n"
     ]
    }
   ],
   "source": [
    "print(E)"
   ]
  },
  {
   "cell_type": "code",
   "execution_count": 18,
   "metadata": {},
   "outputs": [
    {
     "name": "stdout",
     "output_type": "stream",
     "text": [
      "[[-0.36762518 -0.82102902 -0.43676432]\n",
      " [-0.67017224  0.55950483 -0.48767152]\n",
      " [-0.64476422 -0.11342699  0.75591892]]\n"
     ]
    }
   ],
   "source": [
    "print(V)"
   ]
  },
  {
   "cell_type": "markdown",
   "metadata": {},
   "source": [
    "# SVD"
   ]
  },
  {
   "cell_type": "code",
   "execution_count": 36,
   "metadata": {},
   "outputs": [],
   "source": [
    "import numpy as np"
   ]
  },
  {
   "cell_type": "code",
   "execution_count": 19,
   "metadata": {},
   "outputs": [],
   "source": [
    "B = [[3,6],[2,3],[1,2],[5,5]]"
   ]
  },
  {
   "cell_type": "code",
   "execution_count": 24,
   "metadata": {},
   "outputs": [],
   "source": [
    "U, S, Vt = np.linalg.svd(B)"
   ]
  },
  {
   "cell_type": "code",
   "execution_count": 25,
   "metadata": {},
   "outputs": [
    {
     "name": "stdout",
     "output_type": "stream",
     "text": [
      "[[-0.6305882   0.65070051 -0.34404196  0.24613512]\n",
      " [-0.34294608  0.0720764   0.09856768 -0.93138466]\n",
      " [-0.21019607  0.21690017  0.9335582   0.19297931]\n",
      " [-0.66375005 -0.72411888 -0.01971354  0.18627693]]\n"
     ]
    }
   ],
   "source": [
    "print(U)"
   ]
  },
  {
   "cell_type": "code",
   "execution_count": 26,
   "metadata": {},
   "outputs": [
    {
     "name": "stdout",
     "output_type": "stream",
     "text": [
      "[10.50804076  1.6065738 ]\n"
     ]
    }
   ],
   "source": [
    "print(S)"
   ]
  },
  {
   "cell_type": "code",
   "execution_count": 27,
   "metadata": {},
   "outputs": [
    {
     "name": "stdout",
     "output_type": "stream",
     "text": [
      "[[-0.58113622 -0.8138063 ]\n",
      " [-0.8138063   0.58113622]]\n"
     ]
    }
   ],
   "source": [
    "print(Vt)"
   ]
  },
  {
   "cell_type": "code",
   "execution_count": null,
   "metadata": {},
   "outputs": [],
   "source": []
  }
 ],
 "metadata": {
  "kernelspec": {
   "display_name": "Python 3",
   "language": "python",
   "name": "python3"
  },
  "language_info": {
   "codemirror_mode": {
    "name": "ipython",
    "version": 3
   },
   "file_extension": ".py",
   "mimetype": "text/x-python",
   "name": "python",
   "nbconvert_exporter": "python",
   "pygments_lexer": "ipython3",
   "version": "3.8.5"
  }
 },
 "nbformat": 4,
 "nbformat_minor": 4
}
